Average downward linear velocity from Samara drop tests - norway

n/a means it did not auto rotate

n-g01-t01: 1.1915879756076524 m/s
n-g01-t02: 1.155101415062661 m/s
n-g01-t03: 1.0069355802947664 m/s
n-g02-t01: 1.6436940105504643 m/s
n-g02-t02: n/a
n-g02-t03: 1.59059311534158 m/s
n-g03-t01: 1.3868101095672287 m/s
n-g03-t02: n/a
n-g03-t03: 1.4718807652245873 m/s
n-g04-t01: 1.079622587749696 m/s
n-g04-t02: 1.1017865407793481 m/s
n-g04-t03: 1.2388276078538296 m/s
n-g05-t01: 1.6074645772746654 m/s
n-g05-t02: 1.4768916989943133 m/s
n-g05-t03: 1.4136870399362877 m/s
n-g06-t01: 1.5907369974417978 m/s
n-g06-t02: 1.45453290083003 m/s
n-g06-t03: 1.6678718337802656 m/s
n-g07-t01: n/a
n-g07-t02: n/a
n-g07-t03: 1.2585171498852377 m/s
n-g08-t01: 1.1030495091845145 m/s
n-g08-t02: 1.2347535969782135 m/s
n-g08-t03: 1.2435044854278254 m/s
n-g11-t01: 1.1670540758108487 m/s
n-g11-t02: 1.2846308911862967 m/s
n-g11-t03: 1.3125031993967702 m/s
n-g12-t01: 0.8550747520451861 m/s
n-g12-t02: 1.471998604895814 m/s
n-g12-t03: 1.4100316242362603 m/s
n-g13-t01: 1.2465782540907746 m/s
n-g13-t02: 1.2473450933403052 m/s
n-g13-t03: 1.391171659333812 m/s
n-g14-t01: n/a
n-g14-t02: n/a
n-g14-t03: 0.8963755016877644 m/s
n-g15-t01: 1.205899076248827 m/s
n-g15-t02: 1.2996807416252059 m/s
n-g15-t03: 1.2899023396935214 m/s
n-g16-t01: n/a
n-g16-t02: 1.2515823620958206 m/s
n-g16-t03: 1.1579303937261398 m/s
n-g17-t01: n/a
n-g17-t02: n/a
n-g17-t03: 1.2819604788613912 m/s
n-g18-t01: 1.3592080742977737 m/s
n-g18-t02: 1.4564507151317785 m/s
n-g18-t03: 1.5937035736007141 m/s
n-g19-t01: 1.2963798629585064 m/s
n-g19-t02: n/a
n-g19-t03: 1.4632024059667597 m/s
n-g20-t01: 1.1603097849595516 m/s
n-g20-t02: n/a
n-g20-t03: 1.2042889873121148 m/s
n-g21-t01: n/a
n-g21-t02: n/a
n-g21-t03: 1.2148069493701374 m/s
n-g22-t01: n/a
n-g22-t02: 1.3471636885396032 m/s
n-g22-t03: 1.3222804542024333 m/s
n-g23-t01: 0.9348156646249135 m/s
n-g23-t02: 1.169379852122587 m/s
n-g23-t03: 1.2829117540929065 m/s
n-g24-t01: 1.259289782646808 m/s
n-g24-t02: n/a
n-g24-t03: 1.671310834331046 m/s
n-g25-t01: 1.0964416963876895 m/s
n-g25-t02: n/a
n-g25-t03: 1.3856354833015052 m/s
n-g26-t01: 1.1753794008812657 m/s
n-g26-t02: 1.497495685383261 m/s
n-g26-t03: 1.5255087608709226 m/s
n-g27-t01: 0.9575933310933394 m/s
n-g27-t02: 1.2910389790384051 m/s
n-g27-t03: 1.342496548632872 m/s
n-g28-t01: 1.3255435826491648 m/s
n-g28-t02: 1.3209699650384128 m/s
n-g28-t03: 1.5512685165503417 m/s
n-g29-t01: 1.2217870312235528 m/s
n-g29-t02: 1.380549479394469 m/s
n-g29-t03: 1.4525282088386904 m/s
n-g30-t01: 1.4300088756279465 m/s
n-g30-t02: 1.4108715063217478 m/s
n-g30-t03: 1.2731027392493939 m/s




