Average downward linear velocity from Samara drop tests - real

n/a means it did not auto rotate

r-g01-t01: 1.0761014732458138 m/s
r-g01-t02: 1.1251103170224808 m/s
r-g01-t03: 0.6684534284565636 m/s
r-g02-t01: 1.1509039376371843 m/s
r-g02-t02: 1.0124890122785197 m/s
r-g02-t03: 0.37164613844754635 m/s
r-g03-t01: 1.1467764126391238 m/s
r-g03-t02: 1.0621327960894196 m/s
r-g03-t03: 0.6821905935257865 m/s
r-g04-t01: 1.0077655483064751 m/s
r-g04-t02: 0.9021446000227261 m/s
r-g04-t03: 1.33697431788874 m/s
r-g05-t01: 1.118713289926028 m/s
r-g05-t02: 0.6523514591177565 m/s
r-g05-t03: 0.6280742351120578 m/s
r-g06-t01: n/a
r-g06-t02: 0.8903174709866469 m/s
r-g06-t03: 0.5291448671854082 m/s
r-g07-t01: 1.1726637195229577 m/s
r-g07-t02: 1.2375446482377084 m/s
r-g07-t03: 0.6667601719532645 m/s
r-g08-t01: 1.8179399162487382 m/s
r-g08-t02: 2.0675773021006254 m/s
r-g08-t03: 1.0854436106913017 m/s
r-g09-t01: 
